xflr5 v6.62

 Calculated polar for: NACA 2412

 1 1 Reynolds number fixed          Mach number fixed         

 xtrf =   1.000 (top)        1.000 (bottom)
 Mach =   0.000     Re =     0.100 e 6     Ncrit =   9.000

  alpha     CL        CD       CDp       Cm    Top Xtr Bot Xtr   Cpmin    Chinge    XCp    
 ------- -------- --------- --------- -------- ------- ------- -------- --------- ---------
  -5.000  -0.4854   0.02332   0.01420  -0.0261  1.0000  0.1323  -2.4170   0.0000   0.0000   0.0000   0.1899
  -4.500  -0.4400   0.02163   0.01236  -0.0247  1.0000  0.1532  -2.2154   0.0000   0.0000   0.0000   0.1876
  -4.000  -0.3957   0.02039   0.01129  -0.0236  1.0000  0.1857  -1.9985   0.0000   0.0000   0.0000   0.1843
  -3.500  -0.3515   0.01944   0.01055  -0.0226  1.0000  0.2318  -1.7833   0.0000   0.0000   0.0000   0.1799
  -3.000  -0.3076   0.01869   0.01017  -0.0218  1.0000  0.2999  -1.5880   0.0000   0.0000   0.0000   0.1734
  -2.500  -0.2223   0.01780   0.01002  -0.0287  0.9861  0.4444  -1.3259   0.0000   0.0000   0.0000   0.1145
  -2.000  -0.1436   0.01702   0.01039  -0.0327  0.9689  0.6860  -1.0794   0.0000   0.0000   0.0000   0.0145
  -1.000   0.0914   0.01732   0.01084  -0.0537  0.9419  1.0000  -0.5950   0.0000   0.0000   0.0000   0.8421
  -0.500   0.1859   0.01707   0.01033  -0.0621  0.9196  1.0000  -0.5081   0.0000   0.0000   0.0000   0.5844
   0.000   0.2692   0.01669   0.00979  -0.0674  0.8943  1.0000  -0.5676   0.0000   0.0000   0.0000   0.4996
   0.500   0.3395   0.01630   0.00927  -0.0697  0.8664  1.0000  -0.6254   0.0000   0.0000   0.0000   0.4535
   1.000   0.4010   0.01596   0.00882  -0.0698  0.8370  1.0000  -0.6837   0.0000   0.0000   0.0000   0.4219
   1.500   0.4565   0.01572   0.00847  -0.0686  0.8065  1.0000  -0.7459   0.0000   0.0000   0.0000   0.3976
   2.000   0.5091   0.01561   0.00827  -0.0668  0.7755  1.0000  -0.8161   0.0000   0.0000   0.0000   0.3780
   2.500   0.5600   0.01566   0.00819  -0.0647  0.7443  1.0000  -0.9012   0.0000   0.0000   0.0000   0.3620
   3.000   0.6101   0.01587   0.00826  -0.0626  0.7128  1.0000  -1.0085   0.0000   0.0000   0.0000   0.3486
   3.500   0.6568   0.01626   0.00858  -0.0602  0.6793  1.0000  -1.1351   0.0000   0.0000   0.0000   0.3372
   4.000   0.7044   0.01666   0.00899  -0.0579  0.6453  1.0000  -1.2857   0.0000   0.0000   0.0000   0.3274
   4.500   0.7524   0.01707   0.00934  -0.0557  0.6101  1.0000  -1.4561   0.0000   0.0000   0.0000   0.3187
   5.000   0.8008   0.01746   0.00963  -0.0534  0.5734  1.0000  -1.6560   0.0000   0.0000   0.0000   0.3109
   5.500   0.8487   0.01792   0.00996  -0.0511  0.5346  1.0000  -1.8625   0.0000   0.0000   0.0000   0.3039
   6.000   0.8925   0.01837   0.01049  -0.0483  0.4902  1.0000  -2.0991   0.0000   0.0000   0.0000   0.2972
   6.500   0.9357   0.01888   0.01091  -0.0454  0.4430  1.0000  -2.3449   0.0000   0.0000   0.0000   0.2910
   7.000   0.9747   0.01947   0.01143  -0.0419  0.3874  1.0000  -2.5862   0.0000   0.0000   0.0000   0.2849
   7.500   1.0081   0.02040   0.01214  -0.0378  0.3196  1.0000  -2.8154   0.0000   0.0000   0.0000   0.2788
   8.000   1.0335   0.02223   0.01355  -0.0330  0.2425  1.0000  -3.0516   0.0000   0.0000   0.0000   0.2726
   8.500   1.0571   0.02475   0.01569  -0.0284  0.1803  1.0000  -3.2757   0.0000   0.0000   0.0000   0.2668
   9.000   1.0833   0.02742   0.01812  -0.0243  0.1417  1.0000  -3.5040   0.0000   0.0000   0.0000   0.2618
   9.500   1.1176   0.03069   0.02119  -0.0215  0.1181  1.0000  -3.7436   0.0000   0.0000   0.0000   0.2580
  10.000   1.1539   0.03392   0.02449  -0.0192  0.1013  1.0000  -3.9879   0.0000   0.0000   0.0000   0.2548
  10.500   1.1873   0.03692   0.02760  -0.0167  0.0888  1.0000  -4.2305   0.0000   0.0000   0.0000   0.2515
  11.000   1.2206   0.04141   0.03256  -0.0142  0.0813  1.0000  -4.4130   0.0000   0.0000   0.0000   0.2484
  11.500   1.2478   0.04575   0.03720  -0.0113  0.0756  1.0000  -4.5940   0.0000   0.0000   0.0000   0.2452
  12.000   1.2586   0.05186   0.04375  -0.0076  0.0712  1.0000  -4.7603   0.0000   0.0000   0.0000   0.2415
  12.500   1.2382   0.05640   0.04891  -0.0007  0.0681  1.0000  -4.8112   0.0000   0.0000   0.0000   0.2352
  13.000   1.2148   0.06233   0.05534   0.0037  0.0657  1.0000  -4.8398   0.0000   0.0000   0.0000   0.2308
  13.500   1.1744   0.07090   0.06446   0.0054  0.0652  1.0000  -4.7545   0.0000   0.0000   0.0000   0.2284
  14.000   1.1052   0.08447   0.07861   0.0016  0.0663  1.0000  -4.4793   0.0000   0.0000   0.0000   0.2306
  14.500   1.0077   0.10751   0.10210  -0.0115  0.0702  1.0000  -3.9366   0.0000   0.0000   0.0000   0.2426


